7
3 7
2 1 87 819658935
1 2 30 29764238
3 1 69 602322126
3 1 52 658529922
3 2 26 343431154
2 1 82 884975744
1 3 57 872637447
3 7
2 3 77 274306228
2 3 100 93314081
3 2 5 923757599
1 3 91 514187085
1 2 100 930825463
3 1 36 959157848
1 2 75 693168547
3 7
3 1 95 459837650
2 1 91 452830716
1 2 14 293164020
3 2 2 956019960
2 1 89 235798557
2 1 99 581301325
1 3 10 335297018
3 7
1 3 627090113 834891400
1 3 119422524 226902798
1 2 947581174 168014089
1 2 786756810 148364209
1 3 982829098 856612894
1 3 708492406 724913003
1 2 770275283 971465679
3 7
2 1 794799552 173771960
2 1 638118418 954252994
2 1 307025561 450210732
2 1 328533802 191533014
2 1 768782502 299165611
2 1 623799901 711843549
3 2 922539002 476623826
15 50
5 12 959675751 967657563
8 7 324360107 705750563
2 6 24767987 275799010
15 7 366797754 630410791
2 5 831936301 87190630
13 2 658682246 195919964
3 14 533836963 290848685
6 7 307817650 975212866
12 7 128135494 346508112
15 13 904138185 214412177
5 6 515192426 130785945
2 11 643297456 476227782
11 7 483965873 564697938
9 15 66352616 288624745
5 4 867519339 307726256
11 1 565033052 180321920
4 3 507119220 331367042
10 15 973872409 660114098
11 15 938868204 450911426
12 15 866392137 936796589
11 4 434673617 30708651
5 3 738622221 135660333
11 8 269523233 305380457
11 7 654630410 612862992
11 9 887565263 117899279
15 7 669741015 443965422
14 6 41493234 520889369
1 2 949439535 493288143
7 5 922904581 350803667
1 9 478847765 299927234
6 14 452160487 411946781
14 9 655849007 753275853
10 5 69429574 935181948
7 6 34821414 252615198
3 13 394368515 183094229
15 11 673488201 667029637
15 2 835835812 462853678
7 2 59437077 444026352
1 5 927291531 635620294
13 9 970033828 255417972
5 12 915867182 540996223
13 3 604576530 661485020
9 2 939690758 470500376
9 2 804761584 399181975
14 2 431292010 285486858
10 6 842629491 756748855
13 6 160032275 541392267
6 15 517568691 32110037
2 13 674615404 87007841
7 9 783588458 886955964
15 50
9 14 181388191 200459239
6 15 689055781 81249969
7 6 850794093 816246863
13 11 984565599 374048408
5 9 482107513 133253604
10 15 242988279 201403652
8 15 664958021 77898827
13 15 88683410 948982561
2 7 572436029 510775013
9 14 731767612 713001216
15 7 126916897 608811156
6 11 600341905 416546985
9 11 780328710 417034424
1 6 981397246 421665093
11 13 485550050 446341686
12 15 695971320 751478422
6 2 338221650 62148458
1 6 554492186 281038978
9 7 475191974 431779450
4 7 404574267 703678947
10 5 796749307 158082522
13 14 672056350 106292141
4 2 621332242 712483312
1 12 71958164 834678145
12 10 951115106 636656102
10 13 432236423 13739685
2 3 872728842 350438088
4 1 661210835 657280859
15 1 72476067 595924491
5 6 822492173 441314973
11 13 478086142 507423870
10 12 345289513 68424234
4 12 38873250 297916549
7 3 352144122 276987142
2 8 606739540 576914375
6 1 122377622 472236877
4 14 967688028 295174705
10 7 667669400 976522858
11 8 979264701 305197667
7 12 446707264 911663022
10 2 841319499 557264495
4 6 188730239 698652234
13 9 491521176 914557191
7 4 854145235 189766049
11 14 124175053 595528447
1 12 721622790 419502083
6 14 833398618 236651575
4 5 586114783 987825347
4 12 390133890 586206179
11 8 97183125 64281003
