2000
281474976710656
281474976710655
281474976710657
16677181699666569
16677181699666568
16677181699666570
5509980288
5509980287
5509980289
1
2
3
4
5
6
7
8
9
10
11
12
13
14
15
16
17
18
19
20
21
22
23
24
25
26
27
28
29
30
31
32
33
34
35
36
37
38
39
40
41
42
43
44
45
46
47
48
49
50
51
52
53
54
55
56
57
58
59
60
61
62
63
64
65
66
67
68
69
70
71
72
73
74
75
76
77
78
79
80
81
82
83
84
85
86
87
88
89
90
91
92
93
94
95
96
97
98
99
100
72920394756261729
72920394756261730
72920394756261731
72920394756261732
72920394756261733
72920394756261734
72920394756261735
72920394756261736
72920394756261737
72920394756261738
72920394756261739
72920394756261740
72920394756261741
72920394756261742
72920394756261743
72920394756261744
72920394756261745
72920394756261746
72920394756261747
72920394756261748
72920394756261749
72920394756261750
72920394756261751
72920394756261752
72920394756261753
72920394756261754
72920394756261755
72920394756261756
72920394756261757
72920394756261758
72920394756261759
72920394756261760
72920394756261761
72920394756261762
72920394756261763
72920394756261764
72920394756261765
72920394756261766
72920394756261767
72920394756261768
72920394756261769
72920394756261770
72920394756261771
72920394756261772
72920394756261773
72920394756261774
72920394756261775
72920394756261776
72920394756261777
72920394756261778
72920394756261779
72920394756261780
72920394756261781
72920394756261782
72920394756261783
72920394756261784
72920394756261785
72920394756261786
72920394756261787
72920394756261788
72920394756261789
72920394756261790
72920394756261791
72920394756261792
72920394756261793
72920394756261794
72920394756261795
72920394756261796
72920394756261797
72920394756261798
72920394756261799
72920394756261800
72920394756261801
72920394756261802
72920394756261803
72920394756261804
72920394756261805
72920394756261806
72920394756261807
72920394756261808
72920394756261809
72920394756261810
72920394756261811
72920394756261812
72920394756261813
72920394756261814
72920394756261815
72920394756261816
72920394756261817
72920394756261818
72920394756261819
72920394756261820
72920394756261821
72920394756261822
72920394756261823
72920394756261824
72920394756261825
72920394756261826
72920394756261827
72920394756261828
100203837
100203838
100203839
100203840
100203841
100203842
100203843
100203844
100203845
100203846
100203847
100203848
100203849
100203850
100203851
100203852
100203853
100203854
100203855
100203856
100203857
100203858
100203859
100203860
100203861
100203862
100203863
100203864
100203865
100203866
100203867
100203868
100203869
100203870
100203871
100203872
100203873
100203874
100203875
100203876
100203877
100203878
100203879
100203880
100203881
100203882
100203883
100203884
100203885
100203886
100203887
100203888
100203889
100203890
100203891
100203892
100203893
100203894
100203895
100203896
100203897
100203898
100203899
100203900
100203901
100203902
100203903
100203904
100203905
100203906
100203907
100203908
100203909
100203910
100203911
100203912
100203913
100203914
100203915
100203916
100203917
100203918
100203919
100203920
100203921
100203922
100203923
100203924
100203925
100203926
100203927
100203928
100203929
100203930
100203931
100203932
100203933
100203934
100203935
100203936
576460752303423439
576460752303423440
576460752303423441
576460752303423442
576460752303423443
576460752303423444
576460752303423445
576460752303423446
576460752303423447
576460752303423448
576460752303423449
576460752303423450
576460752303423451
576460752303423452
576460752303423453
576460752303423454
576460752303423455
576460752303423456
576460752303423457
576460752303423458
576460752303423459
576460752303423460
576460752303423461
576460752303423462
576460752303423463
576460752303423464
576460752303423465
576460752303423466
576460752303423467
576460752303423468
576460752303423469
576460752303423470
576460752303423471
576460752303423472
576460752303423473
576460752303423474
576460752303423475
576460752303423476
576460752303423477
576460752303423478
576460752303423479
576460752303423480
576460752303423481
576460752303423482
576460752303423483
576460752303423484
576460752303423485
576460752303423486
576460752303423487
576460752303423488
576460752303423489
576460752303423490
576460752303423491
576460752303423492
576460752303423493
576460752303423494
576460752303423495
576460752303423496
576460752303423497
576460752303423498
576460752303423499
576460752303423500
576460752303423501
576460752303423502
576460752303423503
576460752303423504
576460752303423505
576460752303423506
576460752303423507
576460752303423508
576460752303423509
576460752303423510
576460752303423511
576460752303423512
576460752303423513
576460752303423514
576460752303423515
576460752303423516
576460752303423517
576460752303423518
576460752303423519
576460752303423520
576460752303423521
576460752303423522
576460752303423523
576460752303423524
576460752303423525
576460752303423526
576460752303423527
576460752303423528
576460752303423529
576460752303423530
576460752303423531
576460752303423532
576460752303423533
576460752303423534
576460752303423535
576460752303423536
576460752303423537
576460752303423538
150094635296999072
150094635296999073
150094635296999074
150094635296999075
150094635296999076
150094635296999077
150094635296999078
150094635296999079
150094635296999080
150094635296999081
150094635296999082
150094635296999083
150094635296999084
150094635296999085
150094635296999086
150094635296999087
150094635296999088
150094635296999089
150094635296999090
150094635296999091
150094635296999092
150094635296999093
150094635296999094
150094635296999095
150094635296999096
150094635296999097
150094635296999098
150094635296999099
150094635296999100
150094635296999101
150094635296999102
150094635296999103
150094635296999104
150094635296999105
150094635296999106
150094635296999107
150094635296999108
150094635296999109
150094635296999110
150094635296999111
150094635296999112
150094635296999113
150094635296999114
150094635296999115
150094635296999116
150094635296999117
150094635296999118
150094635296999119
150094635296999120
150094635296999121
150094635296999122
150094635296999123
150094635296999124
150094635296999125
150094635296999126
150094635296999127
150094635296999128
150094635296999129
150094635296999130
150094635296999131
150094635296999132
150094635296999133
150094635296999134
150094635296999135
150094635296999136
150094635296999137
150094635296999138
150094635296999139
150094635296999140
150094635296999141
150094635296999142
150094635296999143
150094635296999144
150094635296999145
150094635296999146
150094635296999147
150094635296999148
150094635296999149
150094635296999150
150094635296999151
150094635296999152
150094635296999153
150094635296999154
150094635296999155
150094635296999156
150094635296999157
150094635296999158
150094635296999159
150094635296999160
150094635296999161
150094635296999162
150094635296999163
150094635296999164
150094635296999165
150094635296999166
150094635296999167
150094635296999168
150094635296999169
150094635296999170
150094635296999171
931
111
348
224
355
175
93
250
213
930
440
790
476
300
787
674
442
267
616
126
538
828
795
953
795
150
327
154
892
396
954
1000
162
3
954
946
36
970
990
874
651
620
547
827
642
521
148
103
400
233
162
81
588
129
131
881
328
703
587
34
794
55
751
823
603
208
951
340
305
155
620
735
428
156
71
744
819
542
57
658
295
305
229
950
307
543
211
671
598
829
938
449
480
639
412
68
902
719
822
230
241566
949944
481789
669062
489111
459054
347309
971240
472925
98273
476946
325386
302330
952463
521717
565715
705539
803886
434290
335989
258976
240358
522328
960266
825859
907702
440377
640126
961599
574733
614522
588577
759724
638849
119834
997341
96520
131042
928892
335721
347254
202269
367609
80572
276702
842835
809404
301291
56212
805441
298227
124433
856461
425101
664427
98963
892065
713430
582341
722553
446165
704773
752889
12261
214826
196508
323511
263595
186781
284842
446419
461646
123818
729562
977599
586194
45921
654490
765899
915693
814988
920087
276608
238264
862224
501956
688092
41030
350131
267508
260454
104667
804585
249622
506350
758171
579601
769687
523569
385696
601085021
681615392
982292323
404925746
692508201
790351900
353206544
55262900
717734927
157325810
83026977
97523286
231635872
89835672
298341596
168326627
754464480
626144635
80607199
378060366
511437103
499960877
100581197
937703463
85501072
313562188
507094673
302000802
935576869
942818757
615513455
663155527
553059633
565329913
833300043
64896893
129687192
965856973
582281631
722841741
889957263
98175896
456273087
876168072
703537771
230367475
920856254
964925474
71787626
939217511
543468096
825804860
661127036
774402229
128076817
253497151
729696219
335534335
342883871
701742160
59788102
276506597
253346510
782335487
740186868
795813602
754219166
454108350
380220902
54929938
739288929
618037910
787682421
336836141
737502155
642067243
158434498
140373539
619370435
525230926
288396799
241548694
559643864
183571582
297106185
854336098
789821905
560911107
101076089
106201284
498904684
677631411
706014808
166517069
181239592
144257179
368615367
741150023
524543110
859426872
523246977395
593228992991
26923151889
437175909197
72927796131
634620857210
744400433994
13128634676
203530281619
937591758526
469561356362
842350223079
75512466701
845486778851
845502879142
364702270770
730435501118
813014175095
351849566949
347675241600
726622822014
892188026147
834190908538
82824997349
583751731888
832495328090
83218855268
112336954753
71523390225
942753636222
326036757723
304665901641
540406768181
852772414272
536419715696
298791003741
10267885217
179263676574
681534778391
995941100214
182963993362
730828994454
450147382068
261560514508
852634597469
877833472005
908493169802
711973540699
240783658138
132073129286
522854822328
88756699908
271201775616
655368315168
863409441724
314611007366
668601682788
483741602085
654588406418
600701765059
354704415789
555972681473
712355303742
598230965574
933181668875
311444120991
983728401721
299198439650
391637888090
787173881043
536962593397
271163706346
374710190792
285410059844
220183749686
858815795504
797773160314
266979555026
72114299603
570148072198
503318326985
134714515424
424443118001
856437006206
933284705702
394744342277
576058454228
808674130408
229208651399
387601217270
469993472828
81419114165
841871825998
994685640955
326126763715
675956967194
505513517279
619630634996
332861900181
747253856816
105430340042382
138065017654206
328813443821897
546805004933244
560910416918865
802314182439508
661450465883685
369754312701504
614348774122738
427513728834232
896482875502051
949130903960928
30224163043636
542593020821114
655749579164127
195692049587857
411498673485680
478238722545051
526537387739237
816548861596869
495321213069674
21880273927651
134419547070044
296067581792143
977583238590704
963006983185932
292571054126721
712533483455336
19354479818658
235142042660216
538798999499961
623931913979649
26655376554992
322239630754191
104690211191966
825818889871291
171833954948973
211124392455055
738779158145422
432137387008307
349827423121588
889147172237530
954978676320819
587779910035409
915030470077581
964036190339395
286519045735193
392825358369352
125618728619534
918105721938328
573190177593269
117343224877651
629058204081738
105878990746043
885221527572336
904835665515171
160872893988845
836233543434315
120239404274777
6419785512907
832257732779713
882873330050414
697110599778724
417081870182975
758303640037421
83770562726176
288568773728291
614807837296201
457207191410882
40296720258670
721328327176218
122143435092741
634678969246760
522302951774038
32860895969452
698848597989339
809381455753173
577037965998528
397138109819118
556124183704118
957921427185737
637313171516443
492354672682999
794468339559341
547323114994662
460683812420037
873725748877961
579916725030303
932273581437468
539339823594490
761979382127037
975636006208310
571697166931074
675759054036371
811142239014230
951935738293344
428279924207716
322196495742670
115036747022993
793774314693326
250922636431565165
888656298086338239
321949951858695836
120449194446802017
972744582088980448
700353343131117468
40433109292804748
841275883922583843
58567520447281960
272189649963747731
927295128168284922
382952981967623151
421124642358400307
14543181118902492
955737137983538059
393275075975476302
367675233566525424
801762970399941713
940393002131213626
186736927351101414
997807008306673150
508641519926244248
508438650815124266
948570208778473998
969734132321583084
755221068238081305
151185340085208894
797003074686268305
53550497269293159
258735055035625794
922845673638374119
793167244540858429
525375835082587317
386678125297545765
45733162473704666
394658100065044116
515679014480039257
95628822218195998
763219827685687832
251924998619257142
920438224516156426
374920831809555973
408811830849324332
938321584570082717
962087991087244199
494675853679999490
428846980327132423
400083376054511474
590366607254543544
442789851176632062
891577680453567639
2855079517087219
922780945209603165
493682430510742038
917876360730440717
860668241069665875
546515933547205654
757234750403330276
317747318816694266
715885393914757263
171519569270706987
9330001142429037
141312600932718047
670304888276730123
530232474979371944
127330465790578058
293864096651038984
958142828188107519
834088843872438409
424058350969813254
518907590501218207
486239705506083
966570130836232985
181495434975428776
551227976003490333
880698092688497208
926860215576905271
607403778521715085
7607537509292825
817146857171257294
777590426984821546
510372819796875649
617577249923299665
197172831314325497
155009868580657228
538695220771424418
37378637314804000
300885441886696050
425123755542499104
162487476393138794
993953019952505249
571781462292201937
17348738655679695
503540985041265864
602718691968757961
824279793303717656
508277393972935262
760535203942197754
230048262772434503
970948201966080852
266691543813079545
79263352289202225
663304482266464296
996941480452765518
731032600393242771
2846665451813428
418146953796772322
439166304521028053
650745019940818562
241272203658179206
613337079496700356
833860504118260889
45697545374271063
596688481653239300
136954057680360966
346163682021186911
239324657306983929
272829098039665325
374522833624439538
422459483396333776
206860204550927815
758109274440471258
113197570406749590
197635390828866848
244951829277996206
19725447382483202
390054634131477801
668955665970255993
146483925486308325
793454057315060739
661698839881815290
614965274369909024
474065250606747873
441961200444979522
292286733200079650
163243806551654509
900972431022702612
86998708822238910
422469656721557965
137952611500138411
598989330446231279
556148316970163569
751912488254664087
474878183356899932
39616388718500343
825754950256382235
152859726534780754
362490620447025960
729313622489207058
556825661183614756
622710438328198721
592272363771846252
142630728603236049
649299998979437973
604904752367400242
302697389804304747
521957153233810535
912846570325174648
459704556179214701
642456285155634508
64003976795921406
274595935876485025
158386820947919782
198397443398812517
987522565894831316
132172274708096280
671014758843300523
439374717494325720
484480414247210188
80759292314936881
287601396031279758
696494399872937476
291370527444417647
25907653650876325
919830017332761933
475829509595612885
528349996968381027
496254099405243063
258609780417186662
866566499828755542
850784060077528254
919061783185682213
147205837577905552
848608468652199967
370144456283700936
575103017919482258
621284046810922813
439465258559292904
966919157793265629
796007759923310699
477652895313582555
27714565823006803
368291731291713066
493441018687621383
857820242413268213
562367123269182265
218416119378811757
99599689873139800
938583176719686629
66360417669829921
158557040473718875
402145793347552889
87088268714838636
292451505976345340
861102267025658695
936066954330731869
755220673114318603
101426032312052338
552017200772686980
705894496600616151
333218221295393521
71931731461379185
88022886572266024
110298178149672908
68831763531939236
91136948775986550
531889106682424376
772239881744209438
882299307182126064
876641356203061775
948334308734494912
155856944090367110
879594415115094032
414660809876469410
952585805714528311
959597598250188382
25518251271958288
259114782429850448
738489495183766024
773018218863441343
170395591393654833
635555680046737776
531841192510417215
683813588029386913
151216219154587678
513338389350979625
733760655083479318
507841634897138660
11229975899136234
986075761311641867
846608349911507973
314241414801575646
85795681246882659
401501069664365309
247824399941948529
380005434702779021
724708504179302184
566331896966557257
177862116407659753
457516658911917360
670931272648293812
498856498416592504
61472029291069833
309317260523825477
569198251397031424
364173257843233257
766660747686695506
416413700130749181
790813393622801395
54008625093866986
632510056616137977
685350238588121918
107592974248737674
335361107624854433
670674931624843454
596422195260434324
993995821692193323
358266092429025640
605097857485921051
470369974827956055
30448807663847635
47001455491585457
387627490194417165
798306131708596826
595903951599465166
866548005138564152
620962203344369607
575049887672615323
638981259852879537
36509336552163298
961260031882385605
578867077692636262
982399557323676131
145744754740585080
807560063384394478
646388335051004438
756119043463333735
449864811856721378
940084651577996588
470633205529643685
193957226700116743
197296406817029441
881728120623911360
961593310800022518
901521211175136263
739976687435821854
811082717974663142
558416257703830402
837087247537190919
531807978983936488
549681192980779496
442459696042720477
32237132335504250
243224270049744322
800073493803134799
457021123634080346
119719873421505326
956425739263845999
570619185357589376
662643511277067918
218308936270280864
53061108721275964
381517019819507090
33752049803579742
741914240217102046
774419885717054243
508843840718103360
278932963428763560
883590458735811183
809643022707138819
119857054229227666
108758480486713976
784306433901759646
980069644108607226
957591210143473704
423990201540688510
246551988733206032
882474896090264378
889814576807861699
838375911138507542
451458404130273475
32739822762385711
427754804172339232
826006256150864016
729246408249637209
85582292416983955
565890001627194389
383602180543216881
633883402593731738
182822133462585645
270210228853556900
817587372196159712
473062725096896961
320050037423578100
390551595985628015
42671584955974875
505148257469468869
894830190764908580
220226464394480201
884365430006365138
104369624563158286
39790236479833281
300723802168677527
493477670719479182
206656296719472188
295442556994851399
807135731019260411
379873197112316348
848727058132333016
967223894856106098
855711822749100182
558880056440064420
84310558202731984
948891875108282760
257648410656564587
734644795637205640
901035409786572631
391725185498020898
703137278890085469
951550413686071811
551691075304033909
605070182744993980
318672487152753506
956219653276475593
925885799559553027
830027726244908178
174915877193814108
923283799454201543
376282369188155863
182524288507114345
481322062633109301
441026780622198010
34827894482869501
153195594583179588
261202864436349174
914525576015429071
498341933960645231
844447765204560291
101664692132906164
115556866521924698
480814019984361407
791415441701134321
647357988412175579
249119355677579959
751942963277658413
733331109057190088
279097935015798033
402447632507047245
968414154939951146
280355499698819015
694119351478904557
757596884496410460
186398990480776752
736725828947743676
454615674570154831
230370705618743475
216955959876654969
477713838319753143
206153336248203120
467518232604587826
955685996857411827
270117839492682417
134497070911384750
362176181171915603
651969757592786498
888038716463689289
303832975229380615
317517256692192348
760342627074350200
35396821004466294
693309580137287510
956928906807527182
219915892402740447
646300051878174823
436439930488312951
402012670688225283
236199669620485249
521662350723248124
273649556057789659
476776853845420880
274446773244518989
323813116804532181
293339740593831081
228523902510334991
684459329541712677
67933733053902092
861149589921763155
962894130042743281
740749072831331555
683059778283178765
892010127256214353
387191877770896488
314906685562406861
608295160156577697
753584960694120867
362970763190687094
858035775954301184
708773323954365833
901264108441289155
980820751274267636
525944721715047541
623138525811921788
476664650248002105
707849973669342615
93268660797570343
579795759487286855
453288690417853315
384974193953460541
146438821405963034
969053757060851151
144480535271047213
313693545000011495
124100253315076006
597915312971560697
89438223923638476
734441072854270601
235089135858148370
598244264174308513
393513355043424140
807898232438906105
271836415377629679
866753603274089862
831554395163678185
711450815281818195
830677050829364154
958674971962454552
869414269263150187
733775261686273528
708288647610733627
484876884573081028
658896998554461045
987448120382813928
613223841777629824
693622637023874540
528660368841011585
714265085771126288
858461624305141802
41401055252899425
58729882136452879
896249428351277664
341830416480775027
465091316324334509
558074917404863370
236619034177619969
972853180900453107
805202869379738932
287489389539912505
467099345754276895
663065215340882070
355440263118163219
150191821043921069
223260188208462986
692774666852420790
894002264151887586
138246934860500621
910484749825199301
444148860738572235
869826179029410883
260653831529201987
688093719330769281
22071205971047555
637584470661019885
979570993820303421
547848482812026482
472978904951176081
933401502948012669
976402768918983596
43675650233241755
214009369160078601
225963292752785752
732986446551417387
480113216961927239
614801105909252141
236171249736105776
441760837104164889
64147639554751298
868931483451865391
87628165052833045
731258567719129276
973489699293000475
112059810990139808
191427609044693433
46040510288339843
451229157304285219
151462042058050511
646909994136805415
637048932858286874
641741741934001987
966270973525297134
725793126213958480
715912198115457189
805968776043490988
681274271530213764
132949974900026208
779606939094983919
960706954462288617
527978418059418663
934916582300371399
228526179865869754
219585664027222057
914041798588949736
34527993110666338
552497774544840285
773015840465063549
487640319009597936
744328821019936586
285272112203212846
250118504481330199
597664497199155143
620942425487762050
149500220962183768
262192656113525882
429455363239850572
317797153638521452
60174951498476891
418576290744938073
687534317980214805
339578392110143881
535833339423928993
555358813566150830
811607653170005724
135072570902249519
786694940095406450
562425965374510811
972983199027655134
897939930884997578
847475620446503620
128247626288172780
294026312254156010
120089518821098063
942208260896148400
591510089286793108
286587581043000701
76997193851162360
219992801245049583
366280737174582677
594665572878819054
43916085166168459
19603259514059989
368624940988536385
795992186153036574
315885342247610593
97226102362999823
730341174078523735
292723145399635785
558869050039857905
208356825131837406
771712375093568253
904859302036274311
181848337830556818
579524392574900155
761275607592823293
906166261630035030
752257894436537118
234777936108773561
457025570774245956
289277057015438610
592574120533861773
324063819192598628
64740953192270761
551411804532563281
933711826300959079
569759012916601555
53877649457494453
598480815434384696
184035787249403968
44981182440736019
937190725143017683
345123339134549152
370178668763334709
476789704499726949
241316926949644971
31143100918119336
666723636309430074
317312063828903386
100899640760098044
486063079206976671
695253937189967186
458010942405490617
576398525183669137
199184859984024309
463112290023460501
566178745988178006
406139381714674408
162228584699847482
656448177692854245
153393259268970846
849770536117868589
325753307617275479
830640055373954972
589127560204943282
549334437627988694
390632499909231420
192212437659801545
244649484748960021
945419082572579787
502212251764619489
909461275004020516
501680727908778537
50145438559401813
569542886612799225
110090655050174132
254905783265388496
9702986364681811
80326605350681366
987489483279223349
765205912254385212
385415712935897297
64563119028754558
886208521025713901
290297677529800698
406042639494947057
709321690920417366
906522190869733383
224304625886109224
269995436222990666
87232366945033727
299909547463803675
523832809763424682
376840609758302444
82437672224699892
218211910155857675
188762727857559396
418921889298668239
42387795253832568
847790373142267471
271975763645181968
908716154007966263
123641707627933920
676691413469628936
924162458048824211
645957233251673005
313649218644951900
973868812187359791
512427218379707979
833830791776051425
360883176564190918
119119929976394275
285103737433839005
748296052748268947
93256052770643521
237912742392121444
821273278417855271
477048813594442056
24952097125656670
623499974437827996
44121480550457308
549240251816193667
875793287187448285
551420427465689146
822001226597089108
182933929906466160
155451675359273375
62090028477486863
110064806757606609
368565688950672503
319875728872457260
715188390815003265
18524213505071517
163671861227539302
188189129476564230
83722028234898341
27422533927930496
581788584290581251
543569045411065442
515036547399785720
455643285939675333
582583259706050873
823505600571728222
108364769647785751
823006337104962468
67182988168406843
509887235619742361
674054600524009651
352783116669365477
792662057858170439
513813619567127262
564953343872230213
9969557579522867
862247674693304439
152090759678159637
54871494441215587
616520754015500651
674730896889161635
329333257259919728
962870165420290539
628813841339391295
118058021524556231
967982848001551065
203229598376272936
370415819864143997
669380735008960209
308494577680069832
488963694635735188
386687355558312475
216239786617933661
385989801520627005
592938157763168458
360544380117352386
893089314981588485
589150375038051660
379640331458857413
482561840134286670
202480708730594832
531064889571089790
142040562425026629
618164831774714386
317703783545294908
734734993653097776
422616872603292586
32558346825963504
693017626647013750
430913408538624557
334696932631436849
682622832990291848
843090745087726671
100762197096816734
715987669140012492
217613939985417788
705725299324972611
169011374122864361
716352018101786285
118278792575989158
999776043450643151
758564616538912709
696396658252709029
490940536146370507
20209413869140664
120170308131821467
459803313438984755
185957944522422724
499650184589341992
380618928633205534
58616122302356122
370836570818226330
915349873483691437
150196404871213027
692589002077753258
237491157782921453
623810498340623105
748161973822108982
408528873731184629
729421159992290743
432460481556059252
70694867071920753
68807651708240659
208879714977808613
474359786352883861
107230249918070428
140006182219719515
374888840750692518
588478511195646256
210378068666659010
286315384087357807
564567682428494229
343814603846942604
909807268259504309
813485378277313326
900130740585687436
693002706825492216
748976974699902987
740459174494275662
338533687782749705
563652068058713045
107886301091089807
286487955044328035
329599722716556095
867829942237311811
755176232044414126
766635869419612754
293980176183386712
52290287515340935
382760247497352301
952792002894916289
138487591070356067
53051853583885767
788138976827002124
878362936960672880
369819649055687035
519662827930423022
776485209444292359
637622814643218262
382602378224253503
188205770287947434
788529839072943201
95745876488762332
763221961351407206
471145413175891601
795025119437313586
822089355509589473
771139300918332677
464113313190847640
103932662457470031
16152356558500032
972653745477744062
248813723695693246
259610846722911541
690242088010605939
398038413673694436
311431866270984271
948773481819959946
78206740041574733
60166149125348981
37412240684810150
260443154626891213
927383071235324282
696594848281213428
967567854805560704
669373101878577799
822802137524978499
746499178524031882
580537817270363717
842999977446042526
92433620105345144
451594243644068194
492788337110857001
468049739334710273
188395009594579631
720870225235397758
349421038617315047
323889085598821753
50213141675442734
367387830133219119
430277739183498111
848404500866987510
828557792404835157
452244476411232277
727169327049809870
621580582254983643
644578719062536900
821516390286860382
117049216274221417
545937793786732858
862606771247659638
391195726841197458
707719758849365687
88926571913919978
296360842750204268
531931523053568834
521942337286093123
561469061931328498
610340500512768843
499608836600515812
521582001861804479
319690598696487034
887170763828661132
152326531887333716
629413301603797102
265875129557663591
410020877860301640
621704695923868882
192839323781807649
653231737059255082
278012714247827769
329595559800181827
431264293278783577
584466080811357134
324364073336598257
958168665383382784
441231811941478781
890043011389875536
534774876832013999
187226648652452434
745249916625053506
947171530925063214
945319784648791407
648328391358506374
680328035800964193
36245509856596431
127976442821544333
574475008876934059
655426590584696963
258090520883841390
732606926851803873
813542114937294642
683303259542600467
493613964536033286
717275125716259799
309028935494662387
557985668036063008
808598045794734184
854507405286068191
399456435551052615
804840784731136267
824015021285342639
180143651336527529
692586038456254646
50481020195275660
223834148358471446
243763722824173952
854531641149520381
855967952946628259
711169194998309546
406614673783738960
744095320986455185
861621370908122626
231073624057930754
139416196039069413
521214291179585442
754160351771500639
995515672648394493
880913132260613314
682539942043640230
590685000825556171
79600337764609792
282074005892919537
432617439308248237
494465076922095384
158681552527848139
524882131619360651
211379181095911990
84727180922697279
75919226474733287
118059251225818091
150071190215850645
890491698592864714
296682954192770073
493473036876961283
267202787892443973
254696403193878705
295160958386557842
652204491459582314
277671294598553389
504843730784629012
683003960552332268
245468930000885747
745562999845306966
366022178163705542
531680576129442375
832282631786668525
642587842039252281
332910810241578335
854322915239831920
358394133295177327
100315949877192859
703135521625957594
573495792271008667
625426537387803783
509303168182358864
980166151214921762
282544682601250799
