100
23348552 63103236
40684008 86995948
6348280 92857623
30807608 72159414
47980668 35169718
4224801 79596824
47798684 48456396
44694594 1999797
21849234 19449972
93595576 62503749
36025088 13822999
23312320 94218540
3249609 81166540
60612848 30373800
31775520 49520964
87236192 82828600
87782722 82090280
15337792 49443920
15863636 20407768
29926229 72458901
51998714 82331956
91295655 32506160
5524926 61137652
35336100 62673896
47672664 89008226
52024696 83725229
75130280 38020522
12040336 96905818
92742819 7649304
15802355 69546316
27294296 76604092
95643544 61222392
3609456 33750360
91787437 64422556
76518426 43368750
8948284 27354222
9532518 7804746
45221918 58279792
44510800 50016099
64992704 18552260
2981228 3799040
33983296 52709555
48716346 81058480
86058582 25500190
10942420 38215632
52595018 58395446
74001696 48807480
83036190 48080669
48814147 17132760
14795584 78324476
50744715 7767740
6976052 37855796
72236220 38447712
39627904 10742448
74380040 39816036
71992736 64239808
50305115 51542112
54748060 62320448
46883952 81132994
57646608 99727200
92429742 76281349
23976 48571211
84441456 10640000
26697052 86260100
9127992 82454824
39371007 60929060
11354929 74964378
77417257 76722471
92550996 77666954
55098893 521323
68738095 57640756
21360116 60637280
88469793 44924160
36222670 72829068
81829209 68010920
88608146 14527583
13896126 20572228
18030720 27485566
71586060 7867960
7557217 23639967
47124590 53590544
80384592 2344034
56276456 6310035
8925744 81215017
10422500 16582270
56842560 93113854
51665902 12299443
68492354 46608195
56516240 22538825
32124537 15637865
10434105 5863305
70999456 65317860
64269408 22110932
63543498 8812704
16455399 24415872
53145330 41791761
99885055 33966082
21795020 73498515
8208986 30568416
88812354 90821180

